model 4:
AP25: 0.18309617306028025
AP50: 0.049541379561757276
AP75: 0.012235422122563684

model 1:
AP25: 0.22199071880666743
AP50: 0.058130792763352535
AP75: 0.018576213553979586
